0 0.135817 0.421875 0.0360577 0.0360577 0.265446
0 0.891827 0.789663 0.0625 0.0649038 0.322174
0 0.229567 0.34976 0.0456731 0.0360577 0.395736
0 0.789663 0.53726 0.0697115 0.0793269 0.569183
0 0.903846 0.676683 0.0432692 0.0504808 0.582885
0 0.112981 0.627404 0.0625 0.0673077 0.613746
0 0.158654 0.50601 0.0480769 0.0456731 0.614626
0 0.899038 0.730769 0.0576923 0.0673077 0.616717
0 0.237981 0.603365 0.0961538 0.0769231 0.670639
0 0.861779 0.66226 0.0504808 0.0552885 0.682046
0 0.319712 0.49399 0.216346 0.209135 0.815395
0 0.748798 0.663462 0.0793269 0.0817308 0.818014
0 0.835337 0.572115 0.09375 0.100962 0.844674
0 0.637019 0.627404 0.115385 0.125 0.851771
0 0.1875 0.549279 0.100962 0.0889423 0.873881
