0 0.304087 0.840144 0.127404 0.117788 0.299963
0 0.759615 0.918269 0.0817308 0.0769231 0.311437
0 0.391827 0.701923 0.0817308 0.0913462 0.330396
0 0.210337 0.748798 0.09375 0.0889423 0.416703
0 0.780048 0.521635 0.0600962 0.0625 0.432371
0 0.441106 0.807692 0.0793269 0.0961538 0.43435
0 0.376202 0.794471 0.0793269 0.0889423 0.460422
0 0.254808 0.460337 0.0769231 0.0793269 0.463863
0 0.817308 0.873798 0.0769231 0.0793269 0.537179
0 0.268029 0.688702 0.146635 0.151442 0.591437
0 0.277644 0.53726 0.0649038 0.0697115 0.595087
0 0.217548 0.605769 0.0985577 0.105769 0.599686
0 0.1875 0.828125 0.105769 0.0985577 0.656267
0 0.424279 0.465144 0.0793269 0.0841346 0.671764
0 0.772837 0.740385 0.09375 0.105769 0.673173
0 0.716346 0.59976 0.110577 0.127404 0.709728
0 0.323317 0.497596 0.0841346 0.0865385 0.749599
0 0.33774 0.602163 0.108173 0.117788 0.776538
0 0.274038 0.447115 0.0673077 0.0625 0.792046
0 0.264423 0.395433 0.0721154 0.0745192 0.837806
0 0.228365 0.483173 0.0673077 0.0769231 0.856595
0 0.25 0.314904 0.0769231 0.0817308 0.874557
0 0.355769 0.372596 0.105769 0.139423 0.881611
0 0.737981 0.435096 0.125 0.144231 0.888821
