0 0.348558 0.310096 0.0576923 0.0673077 0.278905
0 0.382212 0.533654 0.0721154 0.0721154 0.32918
0 0.170673 0.721154 0.0432692 0.0432692 0.365258
0 0.358173 0.326923 0.0480769 0.0576923 0.421719
0 0.65625 0.548077 0.0576923 0.0673077 0.481671
0 0.323317 0.463942 0.0600962 0.0625 0.511089
0 0.754808 0.4375 0.0865385 0.0961538 0.51744
0 0.242788 0.413462 0.0673077 0.0625 0.606664
0 0.798077 0.450721 0.0480769 0.0504808 0.611088
0 0.413462 0.341346 0.0721154 0.0721154 0.632829
0 0.314904 0.558894 0.0576923 0.0552885 0.672305
0 0.332933 0.611779 0.0552885 0.0552885 0.685232
0 0.623798 0.722356 0.0793269 0.0793269 0.737648
0 0.777644 0.509615 0.0697115 0.0721154 0.76885
0 0.375 0.652644 0.0769231 0.09375 0.775962
0 0.729567 0.245192 0.0649038 0.0721154 0.797891
0 0.346154 0.449519 0.0576923 0.0576923 0.79824
0 0.614183 0.653846 0.0649038 0.0721154 0.806625
0 0.772837 0.5625 0.0697115 0.0721154 0.820073
0 0.305288 0.475962 0.0528846 0.0576923 0.827297
0 0.71875 0.472356 0.0769231 0.0841346 0.839296
0 0.836538 0.647837 0.0480769 0.0600962 0.842837
0 0.768029 0.40625 0.0697115 0.0769231 0.85408
0 0.276442 0.533654 0.0528846 0.0480769 0.855675
0 0.326923 0.393029 0.0625 0.0600962 0.871455
0 0.688702 0.38101 0.0697115 0.0793269 0.879571
0 0.295673 0.663462 0.0817308 0.0673077 0.888877
0 0.296875 0.31851 0.0600962 0.0649038 0.900284
