0 0.665865 0.258413 0.0528846 0.0408654 0.300879
0 0.741587 0.615385 0.0456731 0.0528846 0.336169
0 0.799279 0.625 0.0456731 0.0576923 0.425355
0 0.764423 0.430288 0.0528846 0.0576923 0.533467
0 0.706731 0.58774 0.0673077 0.0649038 0.562733
0 0.356971 0.46274 0.0697115 0.0600962 0.700867
0 0.620192 0.354567 0.0673077 0.0600962 0.776269
0 0.340144 0.305288 0.0456731 0.0384615 0.782388
0 0.626202 0.305288 0.0697115 0.0576923 0.812044
0 0.325721 0.378606 0.0504808 0.0456731 0.821921
0 0.716346 0.441106 0.0673077 0.0649038 0.83643
0 0.635817 0.592548 0.0600962 0.0600962 0.863532
0 0.747596 0.485577 0.0625 0.0673077 0.868636
