0 0.417067 0.299279 0.0649038 0.0697115 0.340233
0 0.758413 0.40024 0.0600962 0.0600962 0.377771
0 0.830529 0.664663 0.0649038 0.0649038 0.543847
0 0.30649 0.397837 0.0552885 0.0504808 0.54467
0 0.342548 0.526442 0.0649038 0.0721154 0.660024
0 0.207933 0.461538 0.0697115 0.0769231 0.795301
0 0.1875 0.528846 0.0673077 0.0625 0.803541
0 0.735577 0.448317 0.0673077 0.0600962 0.807143
0 0.241587 0.258413 0.0649038 0.0600962 0.825208
0 0.633413 0.441106 0.0889423 0.0889423 0.847139
0 0.293269 0.326923 0.0673077 0.0817308 0.851343
0 0.230769 0.319712 0.0576923 0.0625 0.863201
0 0.758413 0.575721 0.0697115 0.0745192 0.881075
0 0.699519 0.331731 0.105769 0.0913462 0.930262
