0 0.824519 0.477163 0.0769231 0.0697115 0.316994
0 0.586538 0.217548 0.0769231 0.0841346 0.401968
0 0.19351 0.683894 0.0649038 0.0649038 0.411248
0 0.722356 0.25 0.0649038 0.0576923 0.566751
0 0.191106 0.623798 0.0504808 0.0504808 0.572958
0 0.844952 0.6875 0.0697115 0.0769231 0.574642
0 0.268029 0.377404 0.0649038 0.0625 0.759148
0 0.361779 0.645433 0.0793269 0.0697115 0.767806
0 0.265625 0.739183 0.0745192 0.0697115 0.814644
0 0.300481 0.552885 0.0576923 0.0528846 0.827767
0 0.288462 0.313702 0.0625 0.0552885 0.8375
0 0.764423 0.594952 0.0721154 0.0697115 0.860464
