0 0.290865 0.292067 0.0432692 0.0456731 0.262372
0 0.719952 0.141827 0.0649038 0.0625 0.31139
0 0.701923 0.198317 0.0673077 0.0745192 0.314924
0 0.641827 0.173077 0.100962 0.105769 0.358212
0 0.80649 0.699519 0.0456731 0.0528846 0.420434
0 0.308894 0.183894 0.0552885 0.0504808 0.650672
0 0.688702 0.564904 0.0697115 0.0769231 0.688203
0 0.342548 0.5625 0.0889423 0.0961538 0.723952
0 0.284856 0.509615 0.0841346 0.0769231 0.77902
0 0.185096 0.536058 0.0817308 0.0769231 0.794185
0 0.326923 0.237981 0.0625 0.0673077 0.838916
0 0.685096 0.288462 0.0913462 0.110577 0.88685
0 0.331731 0.3125 0.0576923 0.0673077 0.889858
