0 0.762019 0.447115 0.0625 0.0817308 0.257502
0 0.752404 0.512019 0.0576923 0.0721154 0.291338
0 0.277644 0.454327 0.0697115 0.0769231 0.30029
0 0.729567 0.633413 0.108173 0.117788 0.31238
0 0.158654 0.645433 0.0625 0.0697115 0.476497
0 0.183894 0.356971 0.0552885 0.0649038 0.627031
0 0.239183 0.405048 0.0841346 0.0985577 0.627981
0 0.641827 0.683894 0.0961538 0.108173 0.666894
0 0.277644 0.263221 0.0456731 0.0552885 0.738872
0 0.759615 0.354567 0.0769231 0.112981 0.7575
0 0.188702 0.282452 0.0889423 0.103365 0.795182
0 0.323317 0.308894 0.0649038 0.0649038 0.884057
0 0.664663 0.288462 0.122596 0.139423 0.901089
