0 0.640625 0.545673 0.0600962 0.0625 0.254756
0 0.694712 0.461538 0.0817308 0.0769231 0.27712
0 0.340144 0.370192 0.0745192 0.0673077 0.33145
0 0.573317 0.364183 0.0552885 0.0504808 0.342921
0 0.814904 0.615385 0.0576923 0.0625 0.343063
0 0.784856 0.355769 0.0408654 0.0384615 0.348026
0 0.692308 0.585337 0.0625 0.0600962 0.348235
0 0.752404 0.608173 0.0480769 0.0480769 0.368001
0 0.307692 0.304087 0.0480769 0.0456731 0.375941
0 0.395433 0.350962 0.09375 0.100962 0.387847
0 0.665865 0.441106 0.0769231 0.0697115 0.406114
0 0.276442 0.544471 0.0528846 0.0504808 0.509667
0 0.221154 0.519231 0.0432692 0.0432692 0.514978
0 0.782452 0.280048 0.0408654 0.0456731 0.543409
0 0.786058 0.442308 0.0576923 0.0576923 0.549094
0 0.254808 0.496394 0.0528846 0.0552885 0.634667
0 0.323317 0.543269 0.0552885 0.0480769 0.639723
0 0.215144 0.44351 0.0552885 0.0552885 0.65978
0 0.699519 0.608173 0.0673077 0.0673077 0.690102
0 0.338942 0.663462 0.0721154 0.0721154 0.704234
0 0.585337 0.592548 0.0649038 0.0649038 0.735257
0 0.314904 0.485577 0.0576923 0.0576923 0.790565
0 0.71875 0.497596 0.0721154 0.0721154 0.808248
0 0.268029 0.661058 0.0697115 0.0673077 0.846525
0 0.382212 0.625 0.0625 0.0625 0.853237
0 0.788462 0.536058 0.0817308 0.0817308 0.864171
0 0.205529 0.379808 0.0697115 0.0625 0.87191
0 0.723558 0.292067 0.0673077 0.0649038 0.873146
0 0.362981 0.242788 0.0913462 0.0865385 0.881005
0 0.700721 0.362981 0.0889423 0.0769231 0.912207
