0 0.383413 0.47476 0.0504808 0.0504808 0.360592
0 0.265625 0.270433 0.0552885 0.0504808 0.453538
0 0.69351 0.248798 0.0600962 0.0504808 0.522087
0 0.717548 0.479567 0.0600962 0.0552885 0.647492
0 0.616587 0.370192 0.0504808 0.0528846 0.65601
0 0.655048 0.608173 0.0745192 0.0673077 0.683039
0 0.600962 0.526442 0.0721154 0.0721154 0.688282
0 0.792067 0.550481 0.103365 0.0817308 0.691465
0 0.674279 0.411058 0.0552885 0.0528846 0.696081
0 0.34976 0.438702 0.0697115 0.0552885 0.725682
0 0.764423 0.502404 0.0576923 0.0576923 0.746591
0 0.283654 0.320913 0.0528846 0.0456731 0.796162
0 0.415865 0.570913 0.0817308 0.0745192 0.867164
0 0.33774 0.301683 0.0649038 0.0600962 0.868778
0 0.737981 0.356971 0.0625 0.0600962 0.885689
0 0.278846 0.409856 0.0769231 0.0649038 0.899098
0 0.296875 0.520433 0.09375 0.0889423 0.899804
0 0.191106 0.522837 0.0841346 0.0745192 0.902653
0 0.641827 0.469952 0.0721154 0.0649038 0.904382
