0 0.790865 0.590144 0.0528846 0.0504808 0.321071
0 0.670673 0.582933 0.0625 0.0745192 0.330916
0 0.675481 0.540865 0.0576923 0.0673077 0.33365
0 0.706731 0.317308 0.0384615 0.0384615 0.341249
0 0.697115 0.396635 0.0432692 0.0432692 0.36595
0 0.227163 0.733173 0.0504808 0.0432692 0.380186
0 0.796875 0.8125 0.0552885 0.0576923 0.48678
0 0.677885 0.274038 0.0432692 0.0384615 0.495841
0 0.792067 0.758413 0.0408654 0.0456731 0.528776
0 0.795673 0.664663 0.0480769 0.0504808 0.535304
0 0.326923 0.548077 0.0576923 0.0576923 0.57538
0 0.824519 0.746394 0.0480769 0.0504808 0.653284
0 0.727163 0.611779 0.0504808 0.0456731 0.699171
0 0.652644 0.389423 0.0504808 0.0528846 0.836596
0 0.721154 0.46875 0.0625 0.0625 0.888907
