0 0.596154 0.524038 0.110577 0.110577 0.250957
0 0.161058 0.326923 0.0625 0.0480769 0.262472
0 0.201923 0.247596 0.0817308 0.0576923 0.40721
0 0.21875 0.414663 0.197115 0.151442 0.466391
0 0.284856 0.292067 0.09375 0.0745192 0.504845
0 0.784856 0.376202 0.0745192 0.0600962 0.523667
0 0.777644 0.508413 0.0649038 0.0552885 0.549161
0 0.706731 0.200721 0.0721154 0.0600962 0.617942
0 0.246394 0.206731 0.09375 0.0721154 0.708221
0 0.359375 0.509615 0.127404 0.115385 0.727941
0 0.83774 0.430288 0.132212 0.0961538 0.736817
0 0.834135 0.313702 0.100962 0.0841346 0.754778
0 0.737981 0.590144 0.115385 0.0889423 0.760328
0 0.834135 0.509615 0.0721154 0.0625 0.808342
0 0.8125 0.56851 0.0865385 0.0745192 0.852285
0 0.669471 0.480769 0.117788 0.115385 0.874281
