0 0.804087 0.751202 0.0793269 0.0889423 0.256208
0 0.832933 0.75 0.0600962 0.0673077 0.303926
0 0.171875 0.867788 0.0600962 0.0625 0.334905
0 0.637019 0.266827 0.0384615 0.0432692 0.343382
0 0.293269 0.915865 0.0769231 0.0865385 0.381922
0 0.638221 0.512019 0.0841346 0.0913462 0.386085
0 0.622596 0.425481 0.0576923 0.0673077 0.433965
0 0.748798 0.427885 0.0456731 0.0528846 0.465565
0 0.213942 0.479567 0.0576923 0.0649038 0.490298
0 0.728365 0.512019 0.0480769 0.0576923 0.565273
0 0.586538 0.71274 0.0769231 0.0889423 0.615646
0 0.233173 0.826923 0.0769231 0.0769231 0.696881
0 0.764423 0.566106 0.0480769 0.0552885 0.717829
0 0.80649 0.640625 0.0697115 0.0793269 0.746676
0 0.695913 0.768029 0.0745192 0.0793269 0.757573
0 0.191106 0.747596 0.0793269 0.100962 0.758295
0 0.742788 0.367788 0.0528846 0.0576923 0.774835
0 0.774038 0.751202 0.0865385 0.103365 0.788141
0 0.800481 0.388221 0.0480769 0.0504808 0.802058
0 0.269231 0.670673 0.0528846 0.0625 0.829857
0 0.723558 0.638221 0.0865385 0.103365 0.842932
0 0.192308 0.652644 0.0625 0.0697115 0.855434
0 0.278846 0.737981 0.0673077 0.0817308 0.861541
0 0.885817 0.789663 0.0649038 0.0889423 0.870572
0 0.219952 0.552885 0.0649038 0.0721154 0.876884
0 0.253606 0.603365 0.0600962 0.0721154 0.905564
0 0.801683 0.459135 0.0697115 0.0769231 0.915852
