0 0.704327 0.36899 0.0673077 0.0600962 0.294667
0 0.43149 0.283654 0.170673 0.144231 0.324559
0 0.34375 0.323317 0.0625 0.0552885 0.348819
0 0.659856 0.326923 0.0649038 0.0528846 0.383788
0 0.634615 0.311298 0.0528846 0.0456731 0.437852
0 0.730769 0.308894 0.0528846 0.0456731 0.461477
0 0.685096 0.445913 0.0625 0.0504808 0.68633
0 0.186298 0.538462 0.0649038 0.0673077 0.745235
0 0.640625 0.566106 0.0793269 0.0697115 0.760773
0 0.721154 0.399038 0.0673077 0.0528846 0.80945
0 0.195913 0.480769 0.0649038 0.0673077 0.814243
0 0.709135 0.257212 0.0432692 0.0384615 0.838834
0 0.669471 0.246394 0.0649038 0.0504808 0.908124
0 0.282452 0.390625 0.0793269 0.0697115 0.911742
