0 0.588942 0.191106 0.0817308 0.0841346 0.401611
0 0.147837 0.682692 0.0552885 0.0625 0.464737
0 0.679087 0.429087 0.141827 0.170673 0.564068
0 0.370192 0.512019 0.0961538 0.144231 0.59977
0 0.353365 0.667067 0.115385 0.108173 0.614852
0 0.695913 0.58774 0.0841346 0.09375 0.740555
0 0.634615 0.401442 0.105769 0.149038 0.764522
0 0.817308 0.652644 0.0625 0.0745192 0.801012
0 0.192308 0.463942 0.0528846 0.0625 0.808352
0 0.272837 0.230769 0.0649038 0.0721154 0.85194
0 0.77524 0.572115 0.0841346 0.0961538 0.871131
0 0.173077 0.606971 0.0721154 0.0745192 0.897178
0 0.721154 0.450721 0.125 0.146635 0.907429
0 0.223558 0.508413 0.0673077 0.0649038 0.917676
