0 0.799279 0.582933 0.0697115 0.0600962 0.25862
0 0.21274 0.685096 0.0504808 0.0480769 0.312656
0 0.307692 0.264423 0.0384615 0.0336538 0.333799
0 0.186298 0.536058 0.0600962 0.0673077 0.363127
0 0.866587 0.751202 0.0504808 0.0552885 0.383331
0 0.719952 0.304087 0.0649038 0.0649038 0.408387
0 0.409856 0.336538 0.0552885 0.0576923 0.508902
0 0.8125 0.597356 0.0673077 0.0600962 0.588532
0 0.25 0.419471 0.0769231 0.0793269 0.592066
0 0.706731 0.382212 0.0432692 0.0384615 0.61921
0 0.707933 0.717548 0.0649038 0.0600962 0.683943
0 0.731971 0.463942 0.0504808 0.0480769 0.707314
0 0.698317 0.268029 0.0504808 0.0456731 0.726879
0 0.810096 0.698317 0.0480769 0.0504808 0.730179
0 0.703125 0.512019 0.0649038 0.0625 0.731174
0 0.769231 0.481971 0.0625 0.0504808 0.734551
0 0.210337 0.704327 0.0600962 0.0625 0.740737
0 0.735577 0.31851 0.0528846 0.0504808 0.806517
0 0.765625 0.383413 0.0552885 0.0504808 0.811077
0 0.300481 0.705529 0.0673077 0.0649038 0.844182
0 0.234375 0.557692 0.103365 0.100962 0.936047
